109.500000
106.920635
104.341270
101.761905
99.244118
94.593750
90.985577
88.521635
86.011765
84.265441
82.418750
81.090625
79.475000
78.506250
77.537500
76.568750
75.600000
74.908036
74.216071
73.524107
72.743750
72.235938
71.728125
71.220313
70.712500
70.125000
69.750000
69.375000
69.000000
68.625000
68.250000
67.875000
67.500000
67.247596
66.995192
66.742788
66.490385
66.237981
65.985577
65.733173
65.455882
65.281250
65.106618
64.931985
64.757353
64.582721
64.408088
64.233456
64.058824
63.884191
63.709559
63.521875
63.412500
63.303125
63.193750
63.084375
62.975000
62.865625
62.756250
62.646875
62.537500
62.428125
62.318750
62.209375
62.100000
62.021875
61.943750
61.865625
61.787500
61.709375
61.631250
61.553125
61.475000
61.396875
61.318750
61.240625
61.162500
61.084375
61.006250
60.928125
60.826471
60.785110
60.743750
60.702390
60.661029
60.619669
60.578309
60.536949
60.495588
60.454228
60.412868
60.371507
60.330147
60.288787
60.247426
60.206066
60.164706
60.123346
60.081985
60.040625
59.999265
59.957904
59.898438
59.902344
59.906250
59.910156
59.914062
59.917969
59.921875
59.925781
59.929688
59.933594
59.937500
59.941406
59.945312
59.949219
59.953125
59.957031
59.960938
59.964844
59.968750
59.972656
59.976562
59.980469
59.984375
59.988281
59.992188
59.996094
60.000000
60.068750
60.137500
60.206250
60.275000
60.343750
60.412500
60.481250
60.550000
60.618750
60.687500
60.756250
60.825000
60.893750
60.962500
61.031250
61.100000
61.168750
61.237500
61.306250
61.375000
61.443750
61.512500
61.581250
61.650000
61.718750
61.787500
61.856250
61.925000
61.993750
62.062500
62.131250
62.200000
62.222321
62.244643
62.266964
62.289286
62.311607
62.333929
62.356250
62.378571
62.400893
62.423214
62.445536
62.467857
62.490179
62.512500
62.534821
62.557143
62.579464
62.601786
62.624107
62.646429
62.668750
62.691071
62.713393
62.735714
62.758036
62.780357
62.802679
62.825000
62.847321
62.869643
62.891964
62.914286
62.936607
62.958929
62.981250
63.003571
63.025893
63.048214
63.070536
63.092857
63.115179
63.137500
63.159821
63.250000
63.187500
63.125000
63.062500
63.000000
62.937500
62.875000
62.812500
62.750000
62.687500
62.625000
62.562500
62.500000
62.437500
62.375000
62.312500
62.250000
62.187500
62.125000
62.062500
62.000000
61.937500
61.875000
61.812500
61.750000
61.687500
61.625000
61.562500
61.500000
61.437500
61.375000
61.312500
61.250000
61.187500
61.125000
61.062500
61.000000
60.937500
60.875000
60.812500
60.750000
60.687500
60.625000
60.562500
60.500000
60.437500
60.375000
60.312500
60.250000
60.187500
60.125000
60.062500
60.000000
59.957813
59.915625
59.873438
59.831250
59.789062
59.746875
59.704687
59.662500
59.620312
59.578125
59.535938
59.493750
59.451563
59.409375
59.367188
59.325000
59.282812
59.240625
59.198437
59.156250
59.114063
59.071875
59.029688
58.987500
58.945312
58.903125
58.860937
58.818750
58.776562
58.734375
58.692188
58.650000
58.607813
58.565625
58.523438
58.481250
58.439062
58.396875
58.354687
58.312500
58.270313
58.228125
58.185938
58.143750
58.101562
58.059375
58.017187
57.975000
57.932812
57.890625
57.848438
57.806250
57.764063
57.721875
57.679688
57.637500
57.595312
57.553125
57.510937
57.468750
57.426563
57.384375
57.342188
57.300000
57.289183
57.278365
57.267548
57.256731
57.245913
57.235096
57.224279
57.213462
57.202644
57.191827
57.181010
57.170192
57.159375
57.148558
57.137740
57.126923
57.116106
57.105288
57.094471
57.083654
57.072837
57.062019
57.051202
57.040385
57.029567
57.018750
57.007933
56.997115
56.986298
56.975481
56.964663
56.953846
56.943029
56.932212
56.921394
56.910577
56.899760
56.888942
56.878125
56.867308
56.856490
56.845673
56.834856
56.824038
56.813221
56.802404
56.791587
56.780769
56.769952
56.759135
56.748317
56.737500
56.726683
56.715865
56.705048
56.694231
56.683413
56.672596
56.661779
56.650962
56.640144
56.629327
56.618510
56.607692
56.596875
56.586058
56.575240
56.564423
56.553606
56.542788
56.531971
56.521154
56.510337
56.499519
56.488702
56.477885
56.467067
56.456250
56.445433
56.434615
56.423798
56.412981
56.397794
56.408824
56.419853
56.430882
56.441912
56.452941
56.463971
56.475000
56.486029
56.497059
56.508088
56.519118
56.530147
56.541176
56.552206
56.563235
56.574265
56.585294
56.596324
56.607353
56.618382
56.629412
56.640441
56.651471
56.662500
56.673529
56.684559
56.695588
56.706618
56.717647
56.728676
56.739706
56.750735
56.761765
56.772794
56.783824
56.794853
56.805882
56.816912
56.827941
56.838971
56.850000
56.861029
56.872059
56.883088
56.894118
56.905147
56.916176
56.927206
56.938235
56.949265
56.960294
56.971324
56.982353
56.993382
57.004412
57.015441
57.026471
57.037500
57.048529
57.059559
57.070588
57.081618
57.092647
57.103676
57.114706
57.125735
57.136765
57.147794
57.158824
57.169853
57.180882
57.191912
57.202941
57.213971
57.225000
57.236029
57.247059
57.258088
57.269118
57.280147
57.291176
57.302206
57.313235
57.324265
57.335294
57.346324
57.357353
57.368382
57.379412
57.390441
57.401471
57.412500
57.423529
57.434559
57.445588
57.456618
57.467647
57.478676
57.489706
57.500735
57.511765
57.522794
57.533824
57.544853
57.555882
57.566912
57.577941
57.588971
57.600000
57.625781
57.651563
57.677344
57.703125
57.728906
57.754688
57.780469
57.806250
57.832031
57.857813
57.883594
57.909375
57.935156
57.960938
57.986719
58.012500
58.038281
58.064062
58.089844
58.115625
58.141406
58.167188
58.192969
58.218750
58.244531
58.270313
58.296094
58.321875
58.347656
58.373438
58.399219
58.425000
58.450781
58.476562
58.502344
58.528125
58.553906
58.579687
58.605469
58.631250
58.657031
58.682813
58.708594
58.734375
58.760156
58.785938
58.811719
58.837500
58.863281
58.889063
58.914844
58.940625
58.966406
58.992188
59.017969
59.043750
59.069531
59.095312
59.121094
59.146875
59.172656
59.198438
59.224219
59.250000
59.275781
59.301563
59.327344
59.353125
59.378906
59.404688
59.430469
59.456250
59.482031
59.507812
59.533594
59.559375
59.585156
59.610937
59.636719
59.662500
59.688281
59.714063
59.739844
59.765625
59.791406
59.817188
59.842969
59.868750
59.894531
59.920313
59.946094
59.971875
59.997656
60.023438
60.049219
60.075000
60.100781
60.126562
60.152344
60.178125
60.203906
60.229688
60.255469
60.281250
60.307031
60.332813
60.358594
60.384375
60.410156
60.435938
60.461719
60.487500
60.513281
60.539062
60.564844
60.590625
60.616406
60.642187
60.667969
60.693750
60.719531
60.745313
60.771094
60.796875
60.822656
60.848438
60.874219
60.900000
60.933053
60.966106
60.999159
61.032212
61.065264
61.098317
61.131370
61.164423
61.197476
61.230529
61.263582
61.296635
61.329687
61.362740
61.395793
61.428846
61.461899
61.494952
61.528005
61.561058
61.594111
61.627163
61.660216
61.693269
61.726322
61.759375
61.792428
61.825481
61.858534
61.891587
61.924639
61.957692
61.990745
62.023798
62.056851
62.089904
62.122957
62.156010
62.189062
62.222115
62.255168
62.288221
62.321274
62.354327
62.387380
62.420433
62.453486
62.486538
62.519591
62.552644
62.585697
62.618750
62.651803
62.684856
62.717909
62.750962
62.784014
62.817067
62.850120
62.883173
62.916226
62.949279
62.982332
63.015385
63.048437
63.081490
63.114543
63.147596
63.180649
63.213702
63.246755
63.279808
63.312861
63.345913
63.378966
63.412019
63.445072
63.478125
63.511178
63.544231
63.577284
63.610337
63.643389
63.676442
63.709495
63.742548
63.775601
63.808654
63.841707
63.874760
63.907812
63.940865
63.973918
64.006971
64.040024
64.073077
64.106130
64.139183
64.172236
64.205288
64.238341
64.271394
64.304447
64.337500
64.370553
64.403606
64.436659
64.469712
64.502764
64.535817
64.568870
64.601923
64.634976
64.668029
64.701082
64.734135
64.767188
64.800240
64.833293
64.866346
64.899399
64.932452
64.965505
64.998558
65.031611
65.064663
65.097716
65.130769
65.163822
65.196875
65.229928
65.262981
65.296034
65.329087
65.362139
65.395192
65.428245
65.461298
65.494351
65.527404
65.560457
65.593510
65.626563
65.659615
65.692668
65.725721
65.758774
65.791827
65.824880
65.857933
65.890986
65.924038
65.957091
65.990144
66.023197
66.056250
66.089303
66.122356
66.155409
66.188462
66.221514
66.254567
66.287620
66.320673
66.353726
66.390257
66.414614
66.438971
66.463327
66.487684
66.512040
66.536397
66.560754
66.585110
66.609467
66.633824
66.658180
66.682537
66.706893
66.731250
66.755607
66.779963
66.804320
66.828676
66.853033
66.877390
66.901746
66.926103
66.950460
66.974816
66.999173
67.023529
67.047886
67.072243
67.096599
67.120956
67.145313
67.169669
67.194026
67.218382
67.242739
67.267096
67.291452
67.315809
67.340165
67.364522
67.388879
67.413235
67.437592
67.461949
67.486305
67.510662
67.535018
67.559375
67.583732
67.608088
67.632445
67.656801
67.681158
67.705515
67.729871
67.754228
67.778585
67.802941
67.827298
67.851654
67.876011
67.900368
67.924724
67.949081
67.973438
67.997794
68.022151
68.046507
68.070864
68.095221
68.119577
68.143934
68.168290
68.192647
68.217004
68.241360
68.265717
68.290074
68.314430
68.338787
68.363143
68.387500
68.411857
68.436213
68.460570
68.484926
68.509283
68.533640
68.557996
68.582353
68.606710
68.631066
68.655423
68.679779
68.704136
68.728493
68.752849
68.777206
68.801563
68.825919
68.850276
68.874632
68.898989
68.923346
68.947702
68.972059
68.996415
69.020772
69.045129
69.069485
69.093842
69.118199
69.142555
69.166912
69.191268
69.215625
69.239982
69.264338
69.288695
69.313051
69.337408
69.361765
69.386121
69.410478
69.434835
69.459191
69.483548
69.507904
69.532261
69.556618
69.580974
69.605331
69.629688
69.654044
69.678401
69.702757
69.727114
69.751471
69.775827
69.800184
69.824540
69.848897
69.873254
69.897610
69.921967
69.946324
69.970680
69.995037
70.019393
70.043750
70.068107
70.092463
70.116820
70.141176
70.165533
70.189890
70.214246
70.238603
70.262960
70.287316
70.311673
70.336029
70.360386
70.384743
70.409099
70.433456
70.457813
70.482169
70.506526
70.530882
70.555239
70.579596
70.603952
70.628309
70.652665
70.677022
70.701379
70.725735
70.750092
70.774449
70.798805
70.823162
70.847518
70.871875
70.896232
70.920588
70.944945
70.969301
70.993658
71.018015
71.042371
71.066728
71.091085
71.115441
71.139798
71.164154
71.188511
71.212868
71.237224
71.261581
71.285938
71.310294
71.334651
71.359007
71.383364
71.407721
71.432077
71.456434
71.480790
71.505147
71.529504
71.553860
71.578217
71.602574
71.626930
71.651287
71.675643
71.675643
71.651287
71.626930
71.602574
71.578217
71.553860
71.529504
71.505147
71.480790
71.456434
71.432077
71.407721
71.383364
71.359007
71.334651
71.310294
71.285938
71.261581
71.237224
71.212868
71.188511
71.164154
71.139798
71.115441
71.091085
71.066728
71.042371
71.018015
70.993658
70.969301
70.944945
70.920588
70.896232
70.871875
70.847518
70.823162
70.798805
70.774449
70.750092
70.725735
70.701379
70.677022
70.652665
70.628309
70.603952
70.579596
70.555239
70.530882
70.506526
70.482169
70.457813
70.433456
70.409099
70.384743
70.360386
70.336029
70.311673
70.287316
70.262960
70.238603
70.214246
70.189890
70.165533
70.141176
70.116820
70.092463
70.068107
70.043750
70.019393
69.995037
69.970680
69.946324
69.921967
69.897610
69.873254
69.848897
69.824540
69.800184
69.775827
69.751471
69.727114
69.702757
69.678401
69.654044
69.629688
69.605331
69.580974
69.556618
69.532261
69.507904
69.483548
69.459191
69.434835
69.410478
69.386121
69.361765
69.337408
69.313051
69.288695
69.264338
69.239982
69.215625
69.191268
69.166912
69.142555
69.118199
69.093842
69.069485
69.045129
69.020772
68.996415
68.972059
68.947702
68.923346
68.898989
68.874632
68.850276
68.825919
68.801563
68.777206
68.752849
68.728493
68.704136
68.679779
68.655423
68.631066
68.606710
68.582353
68.557996
68.533640
68.509283
68.484926
68.460570
68.436213
68.411857
68.387500
68.363143
68.338787
68.314430
68.290074
68.265717
68.241360
68.217004
68.192647
68.168290
68.143934
68.119577
68.095221
68.070864
68.046507
68.022151
67.997794
67.973438
67.949081
67.924724
67.900368
67.876011
67.851654
67.827298
67.802941
67.778585
67.754228
67.729871
67.705515
67.681158
67.656801
67.632445
67.608088
67.583732
67.559375
67.535018
67.510662
67.486305
67.461949
67.437592
67.413235
67.388879
67.364522
67.340165
67.315809
67.291452
67.267096
67.242739
67.218382
67.194026
67.169669
67.145313
67.120956
67.096599
67.072243
67.047886
67.023529
66.999173
66.974816
66.950460
66.926103
66.901746
66.877390
66.853033
66.828676
66.804320
66.779963
66.755607
66.731250
66.706893
66.682537
66.658180
66.633824
66.609467
66.585110
66.560754
66.536397
66.512040
66.487684
66.463327
66.438971
66.414614
66.390257
66.353726
66.320673
66.287620
66.254567
66.221514
66.188462
66.155409
66.122356
66.089303
66.056250
66.023197
65.990144
65.957091
65.924038
65.890986
65.857933
65.824880
65.791827
65.758774
65.725721
65.692668
65.659615
65.626563
65.593510
65.560457
65.527404
65.494351
65.461298
65.428245
65.395192
65.362139
65.329087
65.296034
65.262981
65.229928
65.196875
65.163822
65.130769
65.097716
65.064663
65.031611
64.998558
64.965505
64.932452
64.899399
64.866346
64.833293
64.800240
64.767188
64.734135
64.701082
64.668029
64.634976
64.601923
64.568870
64.535817
64.502764
64.469712
64.436659
64.403606
64.370553
64.337500
64.304447
64.271394
64.238341
64.205288
64.172236
64.139183
64.106130
64.073077
64.040024
64.006971
63.973918
63.940865
63.907812
63.874760
63.841707
63.808654
63.775601
63.742548
63.709495
63.676442
63.643389
63.610337
63.577284
63.544231
63.511178
63.478125
63.445072
63.412019
63.378966
63.345913
63.312861
63.279808
63.246755
63.213702
63.180649
63.147596
63.114543
63.081490
63.048437
63.015385
62.982332
62.949279
62.916226
62.883173
62.850120
62.817067
62.784014
62.750962
62.717909
62.684856
62.651803
62.618750
62.585697
62.552644
62.519591
62.486538
62.453486
62.420433
62.387380
62.354327
62.321274
62.288221
62.255168
62.222115
62.189062
62.156010
62.122957
62.089904
62.056851
62.023798
61.990745
61.957692
61.924639
61.891587
61.858534
61.825481
61.792428
61.759375
61.726322
61.693269
61.660216
61.627163
61.594111
61.561058
61.528005
61.494952
61.461899
61.428846
61.395793
61.362740
61.329687
61.296635
61.263582
61.230529
61.197476
61.164423
61.131370
61.098317
61.065264
61.032212
60.999159
60.966106
60.933053
60.900000
60.874219
60.848438
60.822656
60.796875
60.771094
60.745313
60.719531
60.693750
60.667969
60.642187
60.616406
60.590625
60.564844
60.539062
60.513281
60.487500
60.461719
60.435938
60.410156
60.384375
60.358594
60.332813
60.307031
60.281250
60.255469
60.229688
60.203906
60.178125
60.152344
60.126562
60.100781
60.075000
60.049219
60.023438
59.997656
59.971875
59.946094
59.920313
59.894531
59.868750
59.842969
59.817188
59.791406
59.765625
59.739844
59.714063
59.688281
59.662500
59.636719
59.610937
59.585156
59.559375
59.533594
59.507812
59.482031
59.456250
59.430469
59.404688
59.378906
59.353125
59.327344
59.301563
59.275781
59.250000
59.224219
59.198438
59.172656
59.146875
59.121094
59.095312
59.069531
59.043750
59.017969
58.992188
58.966406
58.940625
58.914844
58.889063
58.863281
58.837500
58.811719
58.785938
58.760156
58.734375
58.708594
58.682813
58.657031
58.631250
58.605469
58.579687
58.553906
58.528125
58.502344
58.476562
58.450781
58.425000
58.399219
58.373438
58.347656
58.321875
58.296094
58.270313
58.244531
58.218750
58.192969
58.167188
58.141406
58.115625
58.089844
58.064062
58.038281
58.012500
57.986719
57.960938
57.935156
57.909375
57.883594
57.857813
57.832031
57.806250
57.780469
57.754688
57.728906
57.703125
57.677344
57.651563
57.625781
57.600000
57.588971
57.577941
57.566912
57.555882
57.544853
57.533824
57.522794
57.511765
57.500735
57.489706
57.478676
57.467647
57.456618
57.445588
57.434559
57.423529
57.412500
57.401471
57.390441
57.379412
57.368382
57.357353
57.346324
57.335294
57.324265
57.313235
57.302206
57.291176
57.280147
57.269118
57.258088
57.247059
57.236029
57.225000
57.213971
57.202941
57.191912
57.180882
57.169853
57.158824
57.147794
57.136765
57.125735
57.114706
57.103676
57.092647
57.081618
57.070588
57.059559
57.048529
57.037500
57.026471
57.015441
57.004412
56.993382
56.982353
56.971324
56.960294
56.949265
56.938235
56.927206
56.916176
56.905147
56.894118
56.883088
56.872059
56.861029
56.850000
56.838971
56.827941
56.816912
56.805882
56.794853
56.783824
56.772794
56.761765
56.750735
56.739706
56.728676
56.717647
56.706618
56.695588
56.684559
56.673529
56.662500
56.651471
56.640441
56.629412
56.618382
56.607353
56.596324
56.585294
56.574265
56.563235
56.552206
56.541176
56.530147
56.519118
56.508088
56.497059
56.486029
56.475000
56.463971
56.452941
56.441912
56.430882
56.419853
56.408824
56.397794
56.412981
56.423798
56.434615
56.445433
56.456250
56.467067
56.477885
56.488702
56.499519
56.510337
56.521154
56.531971
56.542788
56.553606
56.564423
56.575240
56.586058
56.596875
56.607692
56.618510
56.629327
56.640144
56.650962
56.661779
56.672596
56.683413
56.694231
56.705048
56.715865
56.726683
56.737500
56.748317
56.759135
56.769952
56.780769
56.791587
56.802404
56.813221
56.824038
56.834856
56.845673
56.856490
56.867308
56.878125
56.888942
56.899760
56.910577
56.921394
56.932212
56.943029
56.953846
56.964663
56.975481
56.986298
56.997115
57.007933
57.018750
57.029567
57.040385
57.051202
57.062019
57.072837
57.083654
57.094471
57.105288
57.116106
57.126923
57.137740
57.148558
57.159375
57.170192
57.181010
57.191827
57.202644
57.213462
57.224279
57.235096
57.245913
57.256731
57.267548
57.278365
57.289183
57.300000
57.342188
57.384375
57.426563
57.468750
57.510937
57.553125
57.595312
57.637500
57.679688
57.721875
57.764063
57.806250
57.848438
57.890625
57.932812
57.975000
58.017187
58.059375
58.101562
58.143750
58.185938
58.228125
58.270313
58.312500
58.354687
58.396875
58.439062
58.481250
58.523438
58.565625
58.607813
58.650000
58.692188
58.734375
58.776562
58.818750
58.860937
58.903125
58.945312
58.987500
59.029688
59.071875
59.114063
59.156250
59.198437
59.240625
59.282812
59.325000
59.367188
59.409375
59.451563
59.493750
59.535938
59.578125
59.620312
59.662500
59.704687
59.746875
59.789062
59.831250
59.873438
59.915625
59.957813
60.000000
60.062500
60.125000
60.187500
60.250000
60.312500
60.375000
60.437500
60.500000
60.562500
60.625000
60.687500
60.750000
60.812500
60.875000
60.937500
61.000000
61.062500
61.125000
61.187500
61.250000
61.312500
61.375000
61.437500
61.500000
61.562500
61.625000
61.687500
61.750000
61.812500
61.875000
61.937500
62.000000
62.062500
62.125000
62.187500
62.250000
62.312500
62.375000
62.437500
62.500000
62.562500
62.625000
62.687500
62.750000
62.812500
62.875000
62.937500
63.000000
63.062500
63.125000
63.187500
63.250000
63.159821
63.137500
63.115179
63.092857
63.070536
63.048214
63.025893
63.003571
62.981250
62.958929
62.936607
62.914286
62.891964
62.869643
62.847321
62.825000
62.802679
62.780357
62.758036
62.735714
62.713393
62.691071
62.668750
62.646429
62.624107
62.601786
62.579464
62.557143
62.534821
62.512500
62.490179
62.467857
62.445536
62.423214
62.400893
62.378571
62.356250
62.333929
62.311607
62.289286
62.266964
62.244643
62.222321
62.200000
62.131250
62.062500
61.993750
61.925000
61.856250
61.787500
61.718750
61.650000
61.581250
61.512500
61.443750
61.375000
61.306250
61.237500
61.168750
61.100000
61.031250
60.962500
60.893750
60.825000
60.756250
60.687500
60.618750
60.550000
60.481250
60.412500
60.343750
60.275000
60.206250
60.137500
60.068750
60.000000
59.996094
59.992188
59.988281
59.984375
59.980469
59.976562
59.972656
59.968750
59.964844
59.960938
59.957031
59.953125
59.949219
59.945312
59.941406
59.937500
59.933594
59.929688
59.925781
59.921875
59.917969
59.914062
59.910156
59.906250
59.902344
59.898438
59.957904
59.999265
60.040625
60.081985
60.123346
60.164706
60.206066
60.247426
60.288787
60.330147
60.371507
60.412868
60.454228
60.495588
60.536949
60.578309
60.619669
60.661029
60.702390
60.743750
60.785110
60.826471
60.928125
61.006250
61.084375
61.162500
61.240625
61.318750
61.396875
61.475000
61.553125
61.631250
61.709375
61.787500
61.865625
61.943750
62.021875
62.100000
62.209375
62.318750
62.428125
62.537500
62.646875
62.756250
62.865625
62.975000
63.084375
63.193750
63.303125
63.412500
63.521875
63.709559
63.884191
64.058824
64.233456
64.408088
64.582721
64.757353
64.931985
65.106618
65.281250
65.455882
65.733173
65.985577
66.237981
66.490385
66.742788
66.995192
67.247596
67.500000
67.875000
68.250000
68.625000
69.000000
69.375000
69.750000
70.125000
70.712500
71.220313
71.728125
72.235938
72.743750
73.524107
74.216071
74.908036
75.600000
76.568750
77.537500
78.506250
79.475000
81.090625
82.418750
84.265441
86.011765
88.521635
90.985577
94.593750
99.244118
101.761905
104.341270
106.920635
109.500000
