109.500000
95.913462
85.075000
79.475000
75.600000
72.743750
70.500000
69.000000
67.500000
66.490385
65.455882
64.757353
63.850000
63.412500
62.975000
62.537500
62.100000
61.787500
61.475000
61.162500
60.826471
60.661029
60.495588
60.330147
60.164706
59.890625
59.906250
59.921875
59.937500
59.953125
59.968750
59.984375
60.000000
60.275000
60.550000
60.825000
61.100000
61.375000
61.650000
61.925000
62.200000
62.289286
62.378571
62.467857
62.557143
62.646429
62.735714
62.825000
62.914286
63.003571
63.092857
63.250000
63.000000
62.750000
62.500000
62.250000
62.000000
61.750000
61.500000
61.250000
61.000000
60.750000
60.500000
60.250000
60.000000
59.831250
59.662500
59.493750
59.325000
59.156250
58.987500
58.818750
58.650000
58.481250
58.312500
58.143750
57.975000
57.806250
57.637500
57.468750
57.300000
57.256731
57.213462
57.170192
57.126923
57.083654
57.040385
56.997115
56.953846
56.910577
56.867308
56.824038
56.780769
56.737500
56.694231
56.650962
56.607692
56.564423
56.521154
56.477885
56.364706
56.408824
56.452941
56.497059
56.541176
56.585294
56.629412
56.673529
56.717647
56.761765
56.805882
56.850000
56.894118
56.938235
56.982353
57.026471
57.070588
57.114706
57.158824
57.202941
57.247059
57.291176
57.335294
57.379412
57.423529
57.467647
57.511765
57.555882
57.600000
57.703125
57.806250
57.909375
58.012500
58.115625
58.218750
58.321875
58.425000
58.528125
58.631250
58.734375
58.837500
58.940625
59.043750
59.146875
59.250000
59.353125
59.456250
59.559375
59.662500
59.765625
59.868750
59.971875
60.075000
60.178125
60.281250
60.384375
60.487500
60.590625
60.693750
60.796875
60.900000
61.032212
61.164423
61.296635
61.428846
61.561058
61.693269
61.825481
61.957692
62.089904
62.222115
62.354327
62.486538
62.618750
62.750962
62.883173
63.015385
63.147596
63.279808
63.412019
63.544231
63.676442
63.808654
63.940865
64.073077
64.205288
64.337500
64.469712
64.601923
64.734135
64.866346
64.998558
65.130769
65.262981
65.395192
65.527404
65.659615
65.791827
65.924038
66.056250
66.188462
66.341544
66.438971
66.536397
66.633824
66.731250
66.828676
66.926103
67.023529
67.120956
67.218382
67.315809
67.413235
67.510662
67.608088
67.705515
67.802941
67.900368
67.997794
68.095221
68.192647
68.290074
68.387500
68.484926
68.582353
68.679779
68.777206
68.874632
68.972059
69.069485
69.166912
69.264338
69.361765
69.459191
69.556618
69.654044
69.751471
69.848897
69.946324
70.043750
70.141176
70.238603
70.336029
70.433456
70.530882
70.628309
70.725735
70.823162
70.920588
71.018015
71.115441
71.212868
71.310294
71.407721
71.505147
71.602574
71.602574
71.505147
71.407721
71.310294
71.212868
71.115441
71.018015
70.920588
70.823162
70.725735
70.628309
70.530882
70.433456
70.336029
70.238603
70.141176
70.043750
69.946324
69.848897
69.751471
69.654044
69.556618
69.459191
69.361765
69.264338
69.166912
69.069485
68.972059
68.874632
68.777206
68.679779
68.582353
68.484926
68.387500
68.290074
68.192647
68.095221
67.997794
67.900368
67.802941
67.705515
67.608088
67.510662
67.413235
67.315809
67.218382
67.120956
67.023529
66.926103
66.828676
66.731250
66.633824
66.536397
66.438971
66.341544
66.188462
66.056250
65.924038
65.791827
65.659615
65.527404
65.395192
65.262981
65.130769
64.998558
64.866346
64.734135
64.601923
64.469712
64.337500
64.205288
64.073077
63.940865
63.808654
63.676442
63.544231
63.412019
63.279808
63.147596
63.015385
62.883173
62.750962
62.618750
62.486538
62.354327
62.222115
62.089904
61.957692
61.825481
61.693269
61.561058
61.428846
61.296635
61.164423
61.032212
60.900000
60.796875
60.693750
60.590625
60.487500
60.384375
60.281250
60.178125
60.075000
59.971875
59.868750
59.765625
59.662500
59.559375
59.456250
59.353125
59.250000
59.146875
59.043750
58.940625
58.837500
58.734375
58.631250
58.528125
58.425000
58.321875
58.218750
58.115625
58.012500
57.909375
57.806250
57.703125
57.600000
57.555882
57.511765
57.467647
57.423529
57.379412
57.335294
57.291176
57.247059
57.202941
57.158824
57.114706
57.070588
57.026471
56.982353
56.938235
56.894118
56.850000
56.805882
56.761765
56.717647
56.673529
56.629412
56.585294
56.541176
56.497059
56.452941
56.408824
56.364706
56.477885
56.521154
56.564423
56.607692
56.650962
56.694231
56.737500
56.780769
56.824038
56.867308
56.910577
56.953846
56.997115
57.040385
57.083654
57.126923
57.170192
57.213462
57.256731
57.300000
57.468750
57.637500
57.806250
57.975000
58.143750
58.312500
58.481250
58.650000
58.818750
58.987500
59.156250
59.325000
59.493750
59.662500
59.831250
60.000000
60.250000
60.500000
60.750000
61.000000
61.250000
61.500000
61.750000
62.000000
62.250000
62.500000
62.750000
63.000000
63.250000
63.092857
63.003571
62.914286
62.825000
62.735714
62.646429
62.557143
62.467857
62.378571
62.289286
62.200000
61.925000
61.650000
61.375000
61.100000
60.825000
60.550000
60.275000
60.000000
59.984375
59.968750
59.953125
59.937500
59.921875
59.906250
59.890625
60.164706
60.330147
60.495588
60.661029
60.826471
61.162500
61.475000
61.787500
62.100000
62.537500
62.975000
63.412500
63.850000
64.757353
65.455882
66.490385
67.500000
69.000000
70.500000
72.743750
75.600000
79.475000
85.075000
95.913462
109.500000
