105.769231
83.350000
74.775000
70.500000
67.500000
65.455882
63.850000
62.975000
62.100000
61.475000
60.826471
60.495588
59.875000
59.906250
59.937500
59.968750
60.000000
60.550000
61.100000
61.650000
62.200000
62.378571
62.557143
62.735714
62.914286
63.500000
63.000000
62.500000
62.000000
61.500000
61.000000
60.500000
60.000000
59.662500
59.325000
58.987500
58.650000
58.312500
57.975000
57.637500
57.300000
57.213462
57.126923
57.040385
56.953846
56.867308
56.780769
56.694231
56.607692
56.521154
56.364706
56.452941
56.541176
56.629412
56.717647
56.805882
56.894118
56.982353
57.070588
57.158824
57.247059
57.335294
57.423529
57.511765
57.600000
57.806250
58.012500
58.218750
58.425000
58.631250
58.837500
59.043750
59.250000
59.456250
59.662500
59.868750
60.075000
60.281250
60.487500
60.693750
60.900000
61.164423
61.428846
61.693269
61.957692
62.222115
62.486538
62.750962
63.015385
63.279808
63.544231
63.808654
64.073077
64.337500
64.601923
64.866346
65.130769
65.395192
65.659615
65.924038
66.244118
66.438971
66.633824
66.828676
67.023529
67.218382
67.413235
67.608088
67.802941
67.997794
68.192647
68.387500
68.582353
68.777206
68.972059
69.166912
69.361765
69.556618
69.751471
69.946324
70.141176
70.336029
70.530882
70.725735
70.920588
71.115441
71.310294
71.505147
71.505147
71.310294
71.115441
70.920588
70.725735
70.530882
70.336029
70.141176
69.946324
69.751471
69.556618
69.361765
69.166912
68.972059
68.777206
68.582353
68.387500
68.192647
67.997794
67.802941
67.608088
67.413235
67.218382
67.023529
66.828676
66.633824
66.438971
66.244118
65.924038
65.659615
65.395192
65.130769
64.866346
64.601923
64.337500
64.073077
63.808654
63.544231
63.279808
63.015385
62.750962
62.486538
62.222115
61.957692
61.693269
61.428846
61.164423
60.900000
60.693750
60.487500
60.281250
60.075000
59.868750
59.662500
59.456250
59.250000
59.043750
58.837500
58.631250
58.425000
58.218750
58.012500
57.806250
57.600000
57.511765
57.423529
57.335294
57.247059
57.158824
57.070588
56.982353
56.894118
56.805882
56.717647
56.629412
56.541176
56.452941
56.364706
56.521154
56.607692
56.694231
56.780769
56.867308
56.953846
57.040385
57.126923
57.213462
57.300000
57.637500
57.975000
58.312500
58.650000
58.987500
59.325000
59.662500
60.000000
60.500000
61.000000
61.500000
62.000000
62.500000
63.000000
63.500000
62.914286
62.735714
62.557143
62.378571
62.200000
61.650000
61.100000
60.550000
60.000000
59.968750
59.937500
59.906250
59.875000
60.495588
60.826471
61.475000
62.100000
62.975000
63.850000
65.455882
67.500000
70.500000
74.775000
83.350000
105.769231
