109.500000
104.341270
97.875000
90.985577
86.011765
82.418750
79.475000
77.537500
75.600000
74.216071
72.743750
71.728125
70.500000
69.750000
69.000000
68.250000
67.500000
66.995192
66.490385
65.985577
65.455882
65.106618
64.757353
64.408088
64.058824
63.631250
63.412500
63.193750
62.975000
62.756250
62.537500
62.318750
62.100000
61.943750
61.787500
61.631250
61.475000
61.318750
61.162500
61.006250
60.826471
60.743750
60.661029
60.578309
60.495588
60.412868
60.330147
60.247426
60.164706
60.081985
59.999265
59.898438
59.906250
59.914062
59.921875
59.929688
59.937500
59.945312
59.953125
59.960938
59.968750
59.976562
59.984375
59.992188
60.000000
60.137500
60.275000
60.412500
60.550000
60.687500
60.825000
60.962500
61.100000
61.237500
61.375000
61.512500
61.650000
61.787500
61.925000
62.062500
62.200000
62.244643
62.289286
62.333929
62.378571
62.423214
62.467857
62.512500
62.557143
62.601786
62.646429
62.691071
62.735714
62.780357
62.825000
62.869643
62.914286
62.958929
63.003571
63.048214
63.092857
63.137500
63.250000
63.125000
63.000000
62.875000
62.750000
62.625000
62.500000
62.375000
62.250000
62.125000
62.000000
61.875000
61.750000
61.625000
61.500000
61.375000
61.250000
61.125000
61.000000
60.875000
60.750000
60.625000
60.500000
60.375000
60.250000
60.125000
60.000000
59.915625
59.831250
59.746875
59.662500
59.578125
59.493750
59.409375
59.325000
59.240625
59.156250
59.071875
58.987500
58.903125
58.818750
58.734375
58.650000
58.565625
58.481250
58.396875
58.312500
58.228125
58.143750
58.059375
57.975000
57.890625
57.806250
57.721875
57.637500
57.553125
57.468750
57.384375
57.300000
57.278365
57.256731
57.235096
57.213462
57.191827
57.170192
57.148558
57.126923
57.105288
57.083654
57.062019
57.040385
57.018750
56.997115
56.975481
56.953846
56.932212
56.910577
56.888942
56.867308
56.845673
56.824038
56.802404
56.780769
56.759135
56.737500
56.715865
56.694231
56.672596
56.650962
56.629327
56.607692
56.586058
56.564423
56.542788
56.521154
56.499519
56.477885
56.456250
56.434615
56.386765
56.408824
56.430882
56.452941
56.475000
56.497059
56.519118
56.541176
56.563235
56.585294
56.607353
56.629412
56.651471
56.673529
56.695588
56.717647
56.739706
56.761765
56.783824
56.805882
56.827941
56.850000
56.872059
56.894118
56.916176
56.938235
56.960294
56.982353
57.004412
57.026471
57.048529
57.070588
57.092647
57.114706
57.136765
57.158824
57.180882
57.202941
57.225000
57.247059
57.269118
57.291176
57.313235
57.335294
57.357353
57.379412
57.401471
57.423529
57.445588
57.467647
57.489706
57.511765
57.533824
57.555882
57.577941
57.600000
57.651563
57.703125
57.754688
57.806250
57.857813
57.909375
57.960938
58.012500
58.064062
58.115625
58.167188
58.218750
58.270313
58.321875
58.373438
58.425000
58.476562
58.528125
58.579687
58.631250
58.682813
58.734375
58.785938
58.837500
58.889063
58.940625
58.992188
59.043750
59.095312
59.146875
59.198438
59.250000
59.301563
59.353125
59.404688
59.456250
59.507812
59.559375
59.610937
59.662500
59.714063
59.765625
59.817188
59.868750
59.920313
59.971875
60.023438
60.075000
60.126562
60.178125
60.229688
60.281250
60.332813
60.384375
60.435938
60.487500
60.539062
60.590625
60.642187
60.693750
60.745313
60.796875
60.848438
60.900000
60.966106
61.032212
61.098317
61.164423
61.230529
61.296635
61.362740
61.428846
61.494952
61.561058
61.627163
61.693269
61.759375
61.825481
61.891587
61.957692
62.023798
62.089904
62.156010
62.222115
62.288221
62.354327
62.420433
62.486538
62.552644
62.618750
62.684856
62.750962
62.817067
62.883173
62.949279
63.015385
63.081490
63.147596
63.213702
63.279808
63.345913
63.412019
63.478125
63.544231
63.610337
63.676442
63.742548
63.808654
63.874760
63.940865
64.006971
64.073077
64.139183
64.205288
64.271394
64.337500
64.403606
64.469712
64.535817
64.601923
64.668029
64.734135
64.800240
64.866346
64.932452
64.998558
65.064663
65.130769
65.196875
65.262981
65.329087
65.395192
65.461298
65.527404
65.593510
65.659615
65.725721
65.791827
65.857933
65.924038
65.990144
66.056250
66.122356
66.188462
66.254567
66.320673
66.390257
66.438971
66.487684
66.536397
66.585110
66.633824
66.682537
66.731250
66.779963
66.828676
66.877390
66.926103
66.974816
67.023529
67.072243
67.120956
67.169669
67.218382
67.267096
67.315809
67.364522
67.413235
67.461949
67.510662
67.559375
67.608088
67.656801
67.705515
67.754228
67.802941
67.851654
67.900368
67.949081
67.997794
68.046507
68.095221
68.143934
68.192647
68.241360
68.290074
68.338787
68.387500
68.436213
68.484926
68.533640
68.582353
68.631066
68.679779
68.728493
68.777206
68.825919
68.874632
68.923346
68.972059
69.020772
69.069485
69.118199
69.166912
69.215625
69.264338
69.313051
69.361765
69.410478
69.459191
69.507904
69.556618
69.605331
69.654044
69.702757
69.751471
69.800184
69.848897
69.897610
69.946324
69.995037
70.043750
70.092463
70.141176
70.189890
70.238603
70.287316
70.336029
70.384743
70.433456
70.482169
70.530882
70.579596
70.628309
70.677022
70.725735
70.774449
70.823162
70.871875
70.920588
70.969301
71.018015
71.066728
71.115441
71.164154
71.212868
71.261581
71.310294
71.359007
71.407721
71.456434
71.505147
71.553860
71.602574
71.651287
71.651287
71.602574
71.553860
71.505147
71.456434
71.407721
71.359007
71.310294
71.261581
71.212868
71.164154
71.115441
71.066728
71.018015
70.969301
70.920588
70.871875
70.823162
70.774449
70.725735
70.677022
70.628309
70.579596
70.530882
70.482169
70.433456
70.384743
70.336029
70.287316
70.238603
70.189890
70.141176
70.092463
70.043750
69.995037
69.946324
69.897610
69.848897
69.800184
69.751471
69.702757
69.654044
69.605331
69.556618
69.507904
69.459191
69.410478
69.361765
69.313051
69.264338
69.215625
69.166912
69.118199
69.069485
69.020772
68.972059
68.923346
68.874632
68.825919
68.777206
68.728493
68.679779
68.631066
68.582353
68.533640
68.484926
68.436213
68.387500
68.338787
68.290074
68.241360
68.192647
68.143934
68.095221
68.046507
67.997794
67.949081
67.900368
67.851654
67.802941
67.754228
67.705515
67.656801
67.608088
67.559375
67.510662
67.461949
67.413235
67.364522
67.315809
67.267096
67.218382
67.169669
67.120956
67.072243
67.023529
66.974816
66.926103
66.877390
66.828676
66.779963
66.731250
66.682537
66.633824
66.585110
66.536397
66.487684
66.438971
66.390257
66.320673
66.254567
66.188462
66.122356
66.056250
65.990144
65.924038
65.857933
65.791827
65.725721
65.659615
65.593510
65.527404
65.461298
65.395192
65.329087
65.262981
65.196875
65.130769
65.064663
64.998558
64.932452
64.866346
64.800240
64.734135
64.668029
64.601923
64.535817
64.469712
64.403606
64.337500
64.271394
64.205288
64.139183
64.073077
64.006971
63.940865
63.874760
63.808654
63.742548
63.676442
63.610337
63.544231
63.478125
63.412019
63.345913
63.279808
63.213702
63.147596
63.081490
63.015385
62.949279
62.883173
62.817067
62.750962
62.684856
62.618750
62.552644
62.486538
62.420433
62.354327
62.288221
62.222115
62.156010
62.089904
62.023798
61.957692
61.891587
61.825481
61.759375
61.693269
61.627163
61.561058
61.494952
61.428846
61.362740
61.296635
61.230529
61.164423
61.098317
61.032212
60.966106
60.900000
60.848438
60.796875
60.745313
60.693750
60.642187
60.590625
60.539062
60.487500
60.435938
60.384375
60.332813
60.281250
60.229688
60.178125
60.126562
60.075000
60.023438
59.971875
59.920313
59.868750
59.817188
59.765625
59.714063
59.662500
59.610937
59.559375
59.507812
59.456250
59.404688
59.353125
59.301563
59.250000
59.198438
59.146875
59.095312
59.043750
58.992188
58.940625
58.889063
58.837500
58.785938
58.734375
58.682813
58.631250
58.579687
58.528125
58.476562
58.425000
58.373438
58.321875
58.270313
58.218750
58.167188
58.115625
58.064062
58.012500
57.960938
57.909375
57.857813
57.806250
57.754688
57.703125
57.651563
57.600000
57.577941
57.555882
57.533824
57.511765
57.489706
57.467647
57.445588
57.423529
57.401471
57.379412
57.357353
57.335294
57.313235
57.291176
57.269118
57.247059
57.225000
57.202941
57.180882
57.158824
57.136765
57.114706
57.092647
57.070588
57.048529
57.026471
57.004412
56.982353
56.960294
56.938235
56.916176
56.894118
56.872059
56.850000
56.827941
56.805882
56.783824
56.761765
56.739706
56.717647
56.695588
56.673529
56.651471
56.629412
56.607353
56.585294
56.563235
56.541176
56.519118
56.497059
56.475000
56.452941
56.430882
56.408824
56.386765
56.434615
56.456250
56.477885
56.499519
56.521154
56.542788
56.564423
56.586058
56.607692
56.629327
56.650962
56.672596
56.694231
56.715865
56.737500
56.759135
56.780769
56.802404
56.824038
56.845673
56.867308
56.888942
56.910577
56.932212
56.953846
56.975481
56.997115
57.018750
57.040385
57.062019
57.083654
57.105288
57.126923
57.148558
57.170192
57.191827
57.213462
57.235096
57.256731
57.278365
57.300000
57.384375
57.468750
57.553125
57.637500
57.721875
57.806250
57.890625
57.975000
58.059375
58.143750
58.228125
58.312500
58.396875
58.481250
58.565625
58.650000
58.734375
58.818750
58.903125
58.987500
59.071875
59.156250
59.240625
59.325000
59.409375
59.493750
59.578125
59.662500
59.746875
59.831250
59.915625
60.000000
60.125000
60.250000
60.375000
60.500000
60.625000
60.750000
60.875000
61.000000
61.125000
61.250000
61.375000
61.500000
61.625000
61.750000
61.875000
62.000000
62.125000
62.250000
62.375000
62.500000
62.625000
62.750000
62.875000
63.000000
63.125000
63.250000
63.137500
63.092857
63.048214
63.003571
62.958929
62.914286
62.869643
62.825000
62.780357
62.735714
62.691071
62.646429
62.601786
62.557143
62.512500
62.467857
62.423214
62.378571
62.333929
62.289286
62.244643
62.200000
62.062500
61.925000
61.787500
61.650000
61.512500
61.375000
61.237500
61.100000
60.962500
60.825000
60.687500
60.550000
60.412500
60.275000
60.137500
60.000000
59.992188
59.984375
59.976562
59.968750
59.960938
59.953125
59.945312
59.937500
59.929688
59.921875
59.914062
59.906250
59.898438
59.999265
60.081985
60.164706
60.247426
60.330147
60.412868
60.495588
60.578309
60.661029
60.743750
60.826471
61.006250
61.162500
61.318750
61.475000
61.631250
61.787500
61.943750
62.100000
62.318750
62.537500
62.756250
62.975000
63.193750
63.412500
63.631250
64.058824
64.408088
64.757353
65.106618
65.455882
65.985577
66.490385
66.995192
67.500000
68.250000
69.000000
69.750000
70.500000
71.728125
72.743750
74.216071
75.600000
77.537500
79.475000
82.418750
86.011765
90.985577
97.875000
104.341270
109.500000
