109.500000
108.210317
106.920635
105.630952
104.341270
103.051587
101.761905
100.472222
99.244118
96.992279
94.593750
92.953125
90.985577
89.753606
88.521635
87.289663
86.011765
85.138603
84.265441
83.392279
82.418750
81.754687
81.090625
80.426562
79.762500
78.990625
78.506250
78.021875
77.537500
77.053125
76.568750
76.084375
75.600000
75.254018
74.908036
74.562054
74.216071
73.870089
73.524107
73.178125
72.743750
72.489844
72.235938
71.982031
71.728125
71.474219
71.220313
70.966406
70.712500
70.458594
70.204688
69.937500
69.750000
69.562500
69.375000
69.187500
69.000000
68.812500
68.625000
68.437500
68.250000
68.062500
67.875000
67.687500
67.500000
67.373798
67.247596
67.121394
66.995192
66.868990
66.742788
66.616587
66.490385
66.364183
66.237981
66.111779
65.985577
65.859375
65.733173
65.606971
65.455882
65.368566
65.281250
65.193934
65.106618
65.019301
64.931985
64.844669
64.757353
64.670037
64.582721
64.495404
64.408088
64.320772
64.233456
64.146140
64.058824
63.971507
63.884191
63.796875
63.709559
63.622243
63.521875
63.467188
63.412500
63.357813
63.303125
63.248438
63.193750
63.139063
63.084375
63.029688
62.975000
62.920313
62.865625
62.810938
62.756250
62.701563
62.646875
62.592188
62.537500
62.482813
62.428125
62.373438
62.318750
62.264063
62.209375
62.154688
62.100000
62.060938
62.021875
61.982813
61.943750
61.904688
61.865625
61.826563
61.787500
61.748438
61.709375
61.670313
61.631250
61.592188
61.553125
61.514063
61.475000
61.435938
61.396875
61.357813
61.318750
61.279688
61.240625
61.201563
61.162500
61.123438
61.084375
61.045313
61.006250
60.967188
60.928125
60.889063
60.850000
60.805790
60.785110
60.764430
60.743750
60.723070
60.702390
60.681710
60.661029
60.640349
60.619669
60.598989
60.578309
60.557629
60.536949
60.516268
60.495588
60.474908
60.454228
60.433548
60.412868
60.392187
60.371507
60.350827
60.330147
60.309467
60.288787
60.268107
60.247426
60.226746
60.206066
60.185386
60.164706
60.144026
60.123346
60.102665
60.081985
60.061305
60.040625
60.019945
59.999265
59.978585
59.957904
59.937224
59.898438
59.900391
59.902344
59.904297
59.906250
59.908203
59.910156
59.912109
59.914062
59.916016
59.917969
59.919922
59.921875
59.923828
59.925781
59.927734
59.929688
59.931641
59.933594
59.935547
59.937500
59.939453
59.941406
59.943359
59.945312
59.947266
59.949219
59.951172
59.953125
59.955078
59.957031
59.958984
59.960938
59.962891
59.964844
59.966797
59.968750
59.970703
59.972656
59.974609
59.976562
59.978516
59.980469
59.982422
59.984375
59.986328
59.988281
59.990234
59.992188
59.994141
59.996094
59.998047
60.000000
60.034375
60.068750
60.103125
60.137500
60.171875
60.206250
60.240625
60.275000
60.309375
60.343750
60.378125
60.412500
60.446875
60.481250
60.515625
60.550000
60.584375
60.618750
60.653125
60.687500
60.721875
60.756250
60.790625
60.825000
60.859375
60.893750
60.928125
60.962500
60.996875
61.031250
61.065625
61.100000
61.134375
61.168750
61.203125
61.237500
61.271875
61.306250
61.340625
61.375000
61.409375
61.443750
61.478125
61.512500
61.546875
61.581250
61.615625
61.650000
61.684375
61.718750
61.753125
61.787500
61.821875
61.856250
61.890625
61.925000
61.959375
61.993750
62.028125
62.062500
62.096875
62.131250
62.165625
62.200000
62.211161
62.222321
62.233482
62.244643
62.255804
62.266964
62.278125
62.289286
62.300446
62.311607
62.322768
62.333929
62.345089
62.356250
62.367411
62.378571
62.389732
62.400893
62.412054
62.423214
62.434375
62.445536
62.456696
62.467857
62.479018
62.490179
62.501339
62.512500
62.523661
62.534821
62.545982
62.557143
62.568304
62.579464
62.590625
62.601786
62.612946
62.624107
62.635268
62.646429
62.657589
62.668750
62.679911
62.691071
62.702232
62.713393
62.724554
62.735714
62.746875
62.758036
62.769196
62.780357
62.791518
62.802679
62.813839
62.825000
62.836161
62.847321
62.858482
62.869643
62.880804
62.891964
62.903125
62.914286
62.925446
62.936607
62.947768
62.958929
62.970089
62.981250
62.992411
63.003571
63.014732
63.025893
63.037054
63.048214
63.059375
63.070536
63.081696
63.092857
63.104018
63.115179
63.126339
63.137500
63.148661
63.159821
63.170982
63.182143
63.218750
63.187500
63.156250
63.125000
63.093750
63.062500
63.031250
63.000000
62.968750
62.937500
62.906250
62.875000
62.843750
62.812500
62.781250
62.750000
62.718750
62.687500
62.656250
62.625000
62.593750
62.562500
62.531250
62.500000
62.468750
62.437500
62.406250
62.375000
62.343750
62.312500
62.281250
62.250000
62.218750
62.187500
62.156250
62.125000
62.093750
62.062500
62.031250
62.000000
61.968750
61.937500
61.906250
61.875000
61.843750
61.812500
61.781250
61.750000
61.718750
61.687500
61.656250
61.625000
61.593750
61.562500
61.531250
61.500000
61.468750
61.437500
61.406250
61.375000
61.343750
61.312500
61.281250
61.250000
61.218750
61.187500
61.156250
61.125000
61.093750
61.062500
61.031250
61.000000
60.968750
60.937500
60.906250
60.875000
60.843750
60.812500
60.781250
60.750000
60.718750
60.687500
60.656250
60.625000
60.593750
60.562500
60.531250
60.500000
60.468750
60.437500
60.406250
60.375000
60.343750
60.312500
60.281250
60.250000
60.218750
60.187500
60.156250
60.125000
60.093750
60.062500
60.031250
60.000000
59.978906
59.957813
59.936719
59.915625
59.894531
59.873438
59.852344
59.831250
59.810156
59.789062
59.767969
59.746875
59.725781
59.704687
59.683594
59.662500
59.641406
59.620312
59.599219
59.578125
59.557031
59.535938
59.514844
59.493750
59.472656
59.451563
59.430469
59.409375
59.388281
59.367188
59.346094
59.325000
59.303906
59.282812
59.261719
59.240625
59.219531
59.198437
59.177344
59.156250
59.135156
59.114063
59.092969
59.071875
59.050781
59.029688
59.008594
58.987500
58.966406
58.945312
58.924219
58.903125
58.882031
58.860937
58.839844
58.818750
58.797656
58.776562
58.755469
58.734375
58.713281
58.692188
58.671094
58.650000
58.628906
58.607813
58.586719
58.565625
58.544531
58.523438
58.502344
58.481250
58.460156
58.439062
58.417969
58.396875
58.375781
58.354687
58.333594
58.312500
58.291406
58.270313
58.249219
58.228125
58.207031
58.185938
58.164844
58.143750
58.122656
58.101562
58.080469
58.059375
58.038281
58.017187
57.996094
57.975000
57.953906
57.932812
57.911719
57.890625
57.869531
57.848438
57.827344
57.806250
57.785156
57.764063
57.742969
57.721875
57.700781
57.679688
57.658594
57.637500
57.616406
57.595312
57.574219
57.553125
57.532031
57.510937
57.489844
57.468750
57.447656
57.426563
57.405469
57.384375
57.363281
57.342188
57.321094
57.300000
57.294591
57.289183
57.283774
57.278365
57.272957
57.267548
57.262139
57.256731
57.251322
57.245913
57.240505
57.235096
57.229687
57.224279
57.218870
57.213462
57.208053
57.202644
57.197236
57.191827
57.186418
57.181010
57.175601
57.170192
57.164784
57.159375
57.153966
57.148558
57.143149
57.137740
57.132332
57.126923
57.121514
57.116106
57.110697
57.105288
57.099880
57.094471
57.089062
57.083654
57.078245
57.072837
57.067428
57.062019
57.056611
57.051202
57.045793
57.040385
57.034976
57.029567
57.024159
57.018750
57.013341
57.007933
57.002524
56.997115
56.991707
56.986298
56.980889
56.975481
56.970072
56.964663
56.959255
56.953846
56.948437
56.943029
56.937620
56.932212
56.926803
56.921394
56.915986
56.910577
56.905168
56.899760
56.894351
56.888942
56.883534
56.878125
56.872716
56.867308
56.861899
56.856490
56.851082
56.845673
56.840264
56.834856
56.829447
56.824038
56.818630
56.813221
56.807812
56.802404
56.796995
56.791587
56.786178
56.780769
56.775361
56.769952
56.764543
56.759135
56.753726
56.748317
56.742909
56.737500
56.732091
56.726683
56.721274
56.715865
56.710457
56.705048
56.699639
56.694231
56.688822
56.683413
56.678005
56.672596
56.667187
56.661779
56.656370
56.650962
56.645553
56.640144
56.634736
56.629327
56.623918
56.618510
56.613101
56.607692
56.602284
56.596875
56.591466
56.586058
56.580649
56.575240
56.569832
56.564423
56.559014
56.553606
56.548197
56.542788
56.537380
56.531971
56.526562
56.521154
56.515745
56.510337
56.504928
56.499519
56.494111
56.488702
56.483293
56.477885
56.472476
56.467067
56.461659
56.456250
56.450841
56.445433
56.440024
56.434615
56.429207
56.423798
56.418389
56.412981
56.407572
56.397794
56.403309
56.408824
56.414338
56.419853
56.425368
56.430882
56.436397
56.441912
56.447426
56.452941
56.458456
56.463971
56.469485
56.475000
56.480515
56.486029
56.491544
56.497059
56.502574
56.508088
56.513603
56.519118
56.524632
56.530147
56.535662
56.541176
56.546691
56.552206
56.557721
56.563235
56.568750
56.574265
56.579779
56.585294
56.590809
56.596324
56.601838
56.607353
56.612868
56.618382
56.623897
56.629412
56.634926
56.640441
56.645956
56.651471
56.656985
56.662500
56.668015
56.673529
56.679044
56.684559
56.690074
56.695588
56.701103
56.706618
56.712132
56.717647
56.723162
56.728676
56.734191
56.739706
56.745221
56.750735
56.756250
56.761765
56.767279
56.772794
56.778309
56.783824
56.789338
56.794853
56.800368
56.805882
56.811397
56.816912
56.822426
56.827941
56.833456
56.838971
56.844485
56.850000
56.855515
56.861029
56.866544
56.872059
56.877574
56.883088
56.888603
56.894118
56.899632
56.905147
56.910662
56.916176
56.921691
56.927206
56.932721
56.938235
56.943750
56.949265
56.954779
56.960294
56.965809
56.971324
56.976838
56.982353
56.987868
56.993382
56.998897
57.004412
57.009926
57.015441
57.020956
57.026471
57.031985
57.037500
57.043015
57.048529
57.054044
57.059559
57.065074
57.070588
57.076103
57.081618
57.087132
57.092647
57.098162
57.103676
57.109191
57.114706
57.120221
57.125735
57.131250
57.136765
57.142279
57.147794
57.153309
57.158824
57.164338
57.169853
57.175368
57.180882
57.186397
57.191912
57.197426
57.202941
57.208456
57.213971
57.219485
57.225000
57.230515
57.236029
57.241544
57.247059
57.252574
57.258088
57.263603
57.269118
57.274632
57.280147
57.285662
57.291176
57.296691
57.302206
57.307721
57.313235
57.318750
57.324265
57.329779
57.335294
57.340809
57.346324
57.351838
57.357353
57.362868
57.368382
57.373897
57.379412
57.384926
57.390441
57.395956
57.401471
57.406985
57.412500
57.418015
57.423529
57.429044
57.434559
57.440074
57.445588
57.451103
57.456618
57.462132
57.467647
57.473162
57.478676
57.484191
57.489706
57.495221
57.500735
57.506250
57.511765
57.517279
57.522794
57.528309
57.533824
57.539338
57.544853
57.550368
57.555882
57.561397
57.566912
57.572426
57.577941
57.583456
57.588971
57.594485
57.600000
57.612891
57.625781
57.638672
57.651563
57.664453
57.677344
57.690234
57.703125
57.716016
57.728906
57.741797
57.754688
57.767578
57.780469
57.793359
57.806250
57.819141
57.832031
57.844922
57.857813
57.870703
57.883594
57.896484
57.909375
57.922266
57.935156
57.948047
57.960938
57.973828
57.986719
57.999609
58.012500
58.025391
58.038281
58.051172
58.064062
58.076953
58.089844
58.102734
58.115625
58.128516
58.141406
58.154297
58.167188
58.180078
58.192969
58.205859
58.218750
58.231641
58.244531
58.257422
58.270313
58.283203
58.296094
58.308984
58.321875
58.334766
58.347656
58.360547
58.373438
58.386328
58.399219
58.412109
58.425000
58.437891
58.450781
58.463672
58.476562
58.489453
58.502344
58.515234
58.528125
58.541016
58.553906
58.566797
58.579687
58.592578
58.605469
58.618359
58.631250
58.644141
58.657031
58.669922
58.682813
58.695703
58.708594
58.721484
58.734375
58.747266
58.760156
58.773047
58.785938
58.798828
58.811719
58.824609
58.837500
58.850391
58.863281
58.876172
58.889063
58.901953
58.914844
58.927734
58.940625
58.953516
58.966406
58.979297
58.992188
59.005078
59.017969
59.030859
59.043750
59.056641
59.069531
59.082422
59.095312
59.108203
59.121094
59.133984
59.146875
59.159766
59.172656
59.185547
59.198438
59.211328
59.224219
59.237109
59.250000
59.262891
59.275781
59.288672
59.301563
59.314453
59.327344
59.340234
59.353125
59.366016
59.378906
59.391797
59.404688
59.417578
59.430469
59.443359
59.456250
59.469141
59.482031
59.494922
59.507812
59.520703
59.533594
59.546484
59.559375
59.572266
59.585156
59.598047
59.610937
59.623828
59.636719
59.649609
59.662500
59.675391
59.688281
59.701172
59.714063
59.726953
59.739844
59.752734
59.765625
59.778516
59.791406
59.804297
59.817188
59.830078
59.842969
59.855859
59.868750
59.881641
59.894531
59.907422
59.920313
59.933203
59.946094
59.958984
59.971875
59.984766
59.997656
60.010547
60.023438
60.036328
60.049219
60.062109
60.075000
60.087891
60.100781
60.113672
60.126562
60.139453
60.152344
60.165234
60.178125
60.191016
60.203906
60.216797
60.229688
60.242578
60.255469
60.268359
60.281250
60.294141
60.307031
60.319922
60.332813
60.345703
60.358594
60.371484
60.384375
60.397266
60.410156
60.423047
60.435938
60.448828
60.461719
60.474609
60.487500
60.500391
60.513281
60.526172
60.539062
60.551953
60.564844
60.577734
60.590625
60.603516
60.616406
60.629297
60.642187
60.655078
60.667969
60.680859
60.693750
60.706641
60.719531
60.732422
60.745313
60.758203
60.771094
60.783984
60.796875
60.809766
60.822656
60.835547
60.848438
60.861328
60.874219
60.887109
60.900000
60.916526
60.933053
60.949579
60.966106
60.982632
60.999159
61.015685
61.032212
61.048738
61.065264
61.081791
61.098317
61.114844
61.131370
61.147897
61.164423
61.180950
61.197476
61.214002
61.230529
61.247055
61.263582
61.280108
61.296635
61.313161
61.329687
61.346214
61.362740
61.379267
61.395793
61.412320
61.428846
61.445373
61.461899
61.478425
61.494952
61.511478
61.528005
61.544531
61.561058
61.577584
61.594111
61.610637
61.627163
61.643690
61.660216
61.676743
61.693269
61.709796
61.726322
61.742849
61.759375
61.775901
61.792428
61.808954
61.825481
61.842007
61.858534
61.875060
61.891587
61.908113
61.924639
61.941166
61.957692
61.974219
61.990745
62.007272
62.023798
62.040325
62.056851
62.073377
62.089904
62.106430
62.122957
62.139483
62.156010
62.172536
62.189062
62.205589
62.222115
62.238642
62.255168
62.271695
62.288221
62.304748
62.321274
62.337800
62.354327
62.370853
62.387380
62.403906
62.420433
62.436959
62.453486
62.470012
62.486538
62.503065
62.519591
62.536118
62.552644
62.569171
62.585697
62.602224
62.618750
62.635276
62.651803
62.668329
62.684856
62.701382
62.717909
62.734435
62.750962
62.767488
62.784014
62.800541
62.817067
62.833594
62.850120
62.866647
62.883173
62.899700
62.916226
62.932752
62.949279
62.965805
62.982332
62.998858
63.015385
63.031911
63.048437
63.064964
63.081490
63.098017
63.114543
63.131070
63.147596
63.164123
63.180649
63.197175
63.213702
63.230228
63.246755
63.263281
63.279808
63.296334
63.312861
63.329387
63.345913
63.362440
63.378966
63.395493
63.412019
63.428546
63.445072
63.461599
63.478125
63.494651
63.511178
63.527704
63.544231
63.560757
63.577284
63.593810
63.610337
63.626863
63.643389
63.659916
63.676442
63.692969
63.709495
63.726022
63.742548
63.759075
63.775601
63.792127
63.808654
63.825180
63.841707
63.858233
63.874760
63.891286
63.907812
63.924339
63.940865
63.957392
63.973918
63.990445
64.006971
64.023498
64.040024
64.056550
64.073077
64.089603
64.106130
64.122656
64.139183
64.155709
64.172236
64.188762
64.205288
64.221815
64.238341
64.254868
64.271394
64.287921
64.304447
64.320974
64.337500
64.354026
64.370553
64.387079
64.403606
64.420132
64.436659
64.453185
64.469712
64.486238
64.502764
64.519291
64.535817
64.552344
64.568870
64.585397
64.601923
64.618450
64.634976
64.651502
64.668029
64.684555
64.701082
64.717608
64.734135
64.750661
64.767188
64.783714
64.800240
64.816767
64.833293
64.849820
64.866346
64.882873
64.899399
64.915925
64.932452
64.948978
64.965505
64.982031
64.998558
65.015084
65.031611
65.048137
65.064663
65.081190
65.097716
65.114243
65.130769
65.147296
65.163822
65.180349
65.196875
65.213401
65.229928
65.246454
65.262981
65.279507
65.296034
65.312560
65.329087
65.345613
65.362139
65.378666
65.395192
65.411719
65.428245
65.444772
65.461298
65.477825
65.494351
65.510877
65.527404
65.543930
65.560457
65.576983
65.593510
65.610036
65.626563
65.643089
65.659615
65.676142
65.692668
65.709195
65.725721
65.742248
65.758774
65.775300
65.791827
65.808353
65.824880
65.841406
65.857933
65.874459
65.890986
65.907512
65.924038
65.940565
65.957091
65.973618
65.990144
66.006671
66.023197
66.039724
66.056250
66.072776
66.089303
66.105829
66.122356
66.138882
66.155409
66.171935
66.188462
66.204988
66.221514
66.238041
66.254567
66.271094
66.287620
66.304147
66.320673
66.337200
66.353726
66.370252
66.390257
66.402436
66.414614
66.426792
66.438971
66.451149
66.463327
66.475506
66.487684
66.499862
66.512040
66.524219
66.536397
66.548575
66.560754
66.572932
66.585110
66.597289
66.609467
66.621645
66.633824
66.646002
66.658180
66.670358
66.682537
66.694715
66.706893
66.719072
66.731250
66.743428
66.755607
66.767785
66.779963
66.792142
66.804320
66.816498
66.828676
66.840855
66.853033
66.865211
66.877390
66.889568
66.901746
66.913925
66.926103
66.938281
66.950460
66.962638
66.974816
66.986994
66.999173
67.011351
67.023529
67.035708
67.047886
67.060064
67.072243
67.084421
67.096599
67.108778
67.120956
67.133134
67.145313
67.157491
67.169669
67.181847
67.194026
67.206204
67.218382
67.230561
67.242739
67.254917
67.267096
67.279274
67.291452
67.303631
67.315809
67.327987
67.340165
67.352344
67.364522
67.376700
67.388879
67.401057
67.413235
67.425414
67.437592
67.449770
67.461949
67.474127
67.486305
67.498483
67.510662
67.522840
67.535018
67.547197
67.559375
67.571553
67.583732
67.595910
67.608088
67.620267
67.632445
67.644623
67.656801
67.668980
67.681158
67.693336
67.705515
67.717693
67.729871
67.742050
67.754228
67.766406
67.778585
67.790763
67.802941
67.815119
67.827298
67.839476
67.851654
67.863833
67.876011
67.888189
67.900368
67.912546
67.924724
67.936903
67.949081
67.961259
67.973438
67.985616
67.997794
68.009972
68.022151
68.034329
68.046507
68.058686
68.070864
68.083042
68.095221
68.107399
68.119577
68.131756
68.143934
68.156112
68.168290
68.180469
68.192647
68.204825
68.217004
68.229182
68.241360
68.253539
68.265717
68.277895
68.290074
68.302252
68.314430
68.326608
68.338787
68.350965
68.363143
68.375322
68.387500
68.399678
68.411857
68.424035
68.436213
68.448392
68.460570
68.472748
68.484926
68.497105
68.509283
68.521461
68.533640
68.545818
68.557996
68.570175
68.582353
68.594531
68.606710
68.618888
68.631066
68.643244
68.655423
68.667601
68.679779
68.691958
68.704136
68.716314
68.728493
68.740671
68.752849
68.765028
68.777206
68.789384
68.801563
68.813741
68.825919
68.838097
68.850276
68.862454
68.874632
68.886811
68.898989
68.911167
68.923346
68.935524
68.947702
68.959881
68.972059
68.984237
68.996415
69.008594
69.020772
69.032950
69.045129
69.057307
69.069485
69.081664
69.093842
69.106020
69.118199
69.130377
69.142555
69.154733
69.166912
69.179090
69.191268
69.203447
69.215625
69.227803
69.239982
69.252160
69.264338
69.276517
69.288695
69.300873
69.313051
69.325230
69.337408
69.349586
69.361765
69.373943
69.386121
69.398300
69.410478
69.422656
69.434835
69.447013
69.459191
69.471369
69.483548
69.495726
69.507904
69.520083
69.532261
69.544439
69.556618
69.568796
69.580974
69.593153
69.605331
69.617509
69.629688
69.641866
69.654044
69.666222
69.678401
69.690579
69.702757
69.714936
69.727114
69.739292
69.751471
69.763649
69.775827
69.788006
69.800184
69.812362
69.824540
69.836719
69.848897
69.861075
69.873254
69.885432
69.897610
69.909789
69.921967
69.934145
69.946324
69.958502
69.970680
69.982858
69.995037
70.007215
70.019393
70.031572
70.043750
70.055928
70.068107
70.080285
70.092463
70.104642
70.116820
70.128998
70.141176
70.153355
70.165533
70.177711
70.189890
70.202068
70.214246
70.226425
70.238603
70.250781
70.262960
70.275138
70.287316
70.299494
70.311673
70.323851
70.336029
70.348208
70.360386
70.372564
70.384743
70.396921
70.409099
70.421278
70.433456
70.445634
70.457813
70.469991
70.482169
70.494347
70.506526
70.518704
70.530882
70.543061
70.555239
70.567417
70.579596
70.591774
70.603952
70.616131
70.628309
70.640487
70.652665
70.664844
70.677022
70.689200
70.701379
70.713557
70.725735
70.737914
70.750092
70.762270
70.774449
70.786627
70.798805
70.810983
70.823162
70.835340
70.847518
70.859697
70.871875
70.884053
70.896232
70.908410
70.920588
70.932767
70.944945
70.957123
70.969301
70.981480
70.993658
71.005836
71.018015
71.030193
71.042371
71.054550
71.066728
71.078906
71.091085
71.103263
71.115441
71.127619
71.139798
71.151976
71.164154
71.176333
71.188511
71.200689
71.212868
71.225046
71.237224
71.249403
71.261581
71.273759
71.285938
71.298116
71.310294
71.322472
71.334651
71.346829
71.359007
71.371186
71.383364
71.395542
71.407721
71.419899
71.432077
71.444256
71.456434
71.468612
71.480790
71.492969
71.505147
71.517325
71.529504
71.541682
71.553860
71.566039
71.578217
71.590395
71.602574
71.614752
71.626930
71.639108
71.651287
71.663465
71.675643
71.687822
71.687822
71.675643
71.663465
71.651287
71.639108
71.626930
71.614752
71.602574
71.590395
71.578217
71.566039
71.553860
71.541682
71.529504
71.517325
71.505147
71.492969
71.480790
71.468612
71.456434
71.444256
71.432077
71.419899
71.407721
71.395542
71.383364
71.371186
71.359007
71.346829
71.334651
71.322472
71.310294
71.298116
71.285938
71.273759
71.261581
71.249403
71.237224
71.225046
71.212868
71.200689
71.188511
71.176333
71.164154
71.151976
71.139798
71.127619
71.115441
71.103263
71.091085
71.078906
71.066728
71.054550
71.042371
71.030193
71.018015
71.005836
70.993658
70.981480
70.969301
70.957123
70.944945
70.932767
70.920588
70.908410
70.896232
70.884053
70.871875
70.859697
70.847518
70.835340
70.823162
70.810983
70.798805
70.786627
70.774449
70.762270
70.750092
70.737914
70.725735
70.713557
70.701379
70.689200
70.677022
70.664844
70.652665
70.640487
70.628309
70.616131
70.603952
70.591774
70.579596
70.567417
70.555239
70.543061
70.530882
70.518704
70.506526
70.494347
70.482169
70.469991
70.457813
70.445634
70.433456
70.421278
70.409099
70.396921
70.384743
70.372564
70.360386
70.348208
70.336029
70.323851
70.311673
70.299494
70.287316
70.275138
70.262960
70.250781
70.238603
70.226425
70.214246
70.202068
70.189890
70.177711
70.165533
70.153355
70.141176
70.128998
70.116820
70.104642
70.092463
70.080285
70.068107
70.055928
70.043750
70.031572
70.019393
70.007215
69.995037
69.982858
69.970680
69.958502
69.946324
69.934145
69.921967
69.909789
69.897610
69.885432
69.873254
69.861075
69.848897
69.836719
69.824540
69.812362
69.800184
69.788006
69.775827
69.763649
69.751471
69.739292
69.727114
69.714936
69.702757
69.690579
69.678401
69.666222
69.654044
69.641866
69.629688
69.617509
69.605331
69.593153
69.580974
69.568796
69.556618
69.544439
69.532261
69.520083
69.507904
69.495726
69.483548
69.471369
69.459191
69.447013
69.434835
69.422656
69.410478
69.398300
69.386121
69.373943
69.361765
69.349586
69.337408
69.325230
69.313051
69.300873
69.288695
69.276517
69.264338
69.252160
69.239982
69.227803
69.215625
69.203447
69.191268
69.179090
69.166912
69.154733
69.142555
69.130377
69.118199
69.106020
69.093842
69.081664
69.069485
69.057307
69.045129
69.032950
69.020772
69.008594
68.996415
68.984237
68.972059
68.959881
68.947702
68.935524
68.923346
68.911167
68.898989
68.886811
68.874632
68.862454
68.850276
68.838097
68.825919
68.813741
68.801563
68.789384
68.777206
68.765028
68.752849
68.740671
68.728493
68.716314
68.704136
68.691958
68.679779
68.667601
68.655423
68.643244
68.631066
68.618888
68.606710
68.594531
68.582353
68.570175
68.557996
68.545818
68.533640
68.521461
68.509283
68.497105
68.484926
68.472748
68.460570
68.448392
68.436213
68.424035
68.411857
68.399678
68.387500
68.375322
68.363143
68.350965
68.338787
68.326608
68.314430
68.302252
68.290074
68.277895
68.265717
68.253539
68.241360
68.229182
68.217004
68.204825
68.192647
68.180469
68.168290
68.156112
68.143934
68.131756
68.119577
68.107399
68.095221
68.083042
68.070864
68.058686
68.046507
68.034329
68.022151
68.009972
67.997794
67.985616
67.973438
67.961259
67.949081
67.936903
67.924724
67.912546
67.900368
67.888189
67.876011
67.863833
67.851654
67.839476
67.827298
67.815119
67.802941
67.790763
67.778585
67.766406
67.754228
67.742050
67.729871
67.717693
67.705515
67.693336
67.681158
67.668980
67.656801
67.644623
67.632445
67.620267
67.608088
67.595910
67.583732
67.571553
67.559375
67.547197
67.535018
67.522840
67.510662
67.498483
67.486305
67.474127
67.461949
67.449770
67.437592
67.425414
67.413235
67.401057
67.388879
67.376700
67.364522
67.352344
67.340165
67.327987
67.315809
67.303631
67.291452
67.279274
67.267096
67.254917
67.242739
67.230561
67.218382
67.206204
67.194026
67.181847
67.169669
67.157491
67.145313
67.133134
67.120956
67.108778
67.096599
67.084421
67.072243
67.060064
67.047886
67.035708
67.023529
67.011351
66.999173
66.986994
66.974816
66.962638
66.950460
66.938281
66.926103
66.913925
66.901746
66.889568
66.877390
66.865211
66.853033
66.840855
66.828676
66.816498
66.804320
66.792142
66.779963
66.767785
66.755607
66.743428
66.731250
66.719072
66.706893
66.694715
66.682537
66.670358
66.658180
66.646002
66.633824
66.621645
66.609467
66.597289
66.585110
66.572932
66.560754
66.548575
66.536397
66.524219
66.512040
66.499862
66.487684
66.475506
66.463327
66.451149
66.438971
66.426792
66.414614
66.402436
66.390257
66.370252
66.353726
66.337200
66.320673
66.304147
66.287620
66.271094
66.254567
66.238041
66.221514
66.204988
66.188462
66.171935
66.155409
66.138882
66.122356
66.105829
66.089303
66.072776
66.056250
66.039724
66.023197
66.006671
65.990144
65.973618
65.957091
65.940565
65.924038
65.907512
65.890986
65.874459
65.857933
65.841406
65.824880
65.808353
65.791827
65.775300
65.758774
65.742248
65.725721
65.709195
65.692668
65.676142
65.659615
65.643089
65.626563
65.610036
65.593510
65.576983
65.560457
65.543930
65.527404
65.510877
65.494351
65.477825
65.461298
65.444772
65.428245
65.411719
65.395192
65.378666
65.362139
65.345613
65.329087
65.312560
65.296034
65.279507
65.262981
65.246454
65.229928
65.213401
65.196875
65.180349
65.163822
65.147296
65.130769
65.114243
65.097716
65.081190
65.064663
65.048137
65.031611
65.015084
64.998558
64.982031
64.965505
64.948978
64.932452
64.915925
64.899399
64.882873
64.866346
64.849820
64.833293
64.816767
64.800240
64.783714
64.767188
64.750661
64.734135
64.717608
64.701082
64.684555
64.668029
64.651502
64.634976
64.618450
64.601923
64.585397
64.568870
64.552344
64.535817
64.519291
64.502764
64.486238
64.469712
64.453185
64.436659
64.420132
64.403606
64.387079
64.370553
64.354026
64.337500
64.320974
64.304447
64.287921
64.271394
64.254868
64.238341
64.221815
64.205288
64.188762
64.172236
64.155709
64.139183
64.122656
64.106130
64.089603
64.073077
64.056550
64.040024
64.023498
64.006971
63.990445
63.973918
63.957392
63.940865
63.924339
63.907812
63.891286
63.874760
63.858233
63.841707
63.825180
63.808654
63.792127
63.775601
63.759075
63.742548
63.726022
63.709495
63.692969
63.676442
63.659916
63.643389
63.626863
63.610337
63.593810
63.577284
63.560757
63.544231
63.527704
63.511178
63.494651
63.478125
63.461599
63.445072
63.428546
63.412019
63.395493
63.378966
63.362440
63.345913
63.329387
63.312861
63.296334
63.279808
63.263281
63.246755
63.230228
63.213702
63.197175
63.180649
63.164123
63.147596
63.131070
63.114543
63.098017
63.081490
63.064964
63.048437
63.031911
63.015385
62.998858
62.982332
62.965805
62.949279
62.932752
62.916226
62.899700
62.883173
62.866647
62.850120
62.833594
62.817067
62.800541
62.784014
62.767488
62.750962
62.734435
62.717909
62.701382
62.684856
62.668329
62.651803
62.635276
62.618750
62.602224
62.585697
62.569171
62.552644
62.536118
62.519591
62.503065
62.486538
62.470012
62.453486
62.436959
62.420433
62.403906
62.387380
62.370853
62.354327
62.337800
62.321274
62.304748
62.288221
62.271695
62.255168
62.238642
62.222115
62.205589
62.189062
62.172536
62.156010
62.139483
62.122957
62.106430
62.089904
62.073377
62.056851
62.040325
62.023798
62.007272
61.990745
61.974219
61.957692
61.941166
61.924639
61.908113
61.891587
61.875060
61.858534
61.842007
61.825481
61.808954
61.792428
61.775901
61.759375
61.742849
61.726322
61.709796
61.693269
61.676743
61.660216
61.643690
61.627163
61.610637
61.594111
61.577584
61.561058
61.544531
61.528005
61.511478
61.494952
61.478425
61.461899
61.445373
61.428846
61.412320
61.395793
61.379267
61.362740
61.346214
61.329687
61.313161
61.296635
61.280108
61.263582
61.247055
61.230529
61.214002
61.197476
61.180950
61.164423
61.147897
61.131370
61.114844
61.098317
61.081791
61.065264
61.048738
61.032212
61.015685
60.999159
60.982632
60.966106
60.949579
60.933053
60.916526
60.900000
60.887109
60.874219
60.861328
60.848438
60.835547
60.822656
60.809766
60.796875
60.783984
60.771094
60.758203
60.745313
60.732422
60.719531
60.706641
60.693750
60.680859
60.667969
60.655078
60.642187
60.629297
60.616406
60.603516
60.590625
60.577734
60.564844
60.551953
60.539062
60.526172
60.513281
60.500391
60.487500
60.474609
60.461719
60.448828
60.435938
60.423047
60.410156
60.397266
60.384375
60.371484
60.358594
60.345703
60.332813
60.319922
60.307031
60.294141
60.281250
60.268359
60.255469
60.242578
60.229688
60.216797
60.203906
60.191016
60.178125
60.165234
60.152344
60.139453
60.126562
60.113672
60.100781
60.087891
60.075000
60.062109
60.049219
60.036328
60.023438
60.010547
59.997656
59.984766
59.971875
59.958984
59.946094
59.933203
59.920313
59.907422
59.894531
59.881641
59.868750
59.855859
59.842969
59.830078
59.817188
59.804297
59.791406
59.778516
59.765625
59.752734
59.739844
59.726953
59.714063
59.701172
59.688281
59.675391
59.662500
59.649609
59.636719
59.623828
59.610937
59.598047
59.585156
59.572266
59.559375
59.546484
59.533594
59.520703
59.507812
59.494922
59.482031
59.469141
59.456250
59.443359
59.430469
59.417578
59.404688
59.391797
59.378906
59.366016
59.353125
59.340234
59.327344
59.314453
59.301563
59.288672
59.275781
59.262891
59.250000
59.237109
59.224219
59.211328
59.198438
59.185547
59.172656
59.159766
59.146875
59.133984
59.121094
59.108203
59.095312
59.082422
59.069531
59.056641
59.043750
59.030859
59.017969
59.005078
58.992188
58.979297
58.966406
58.953516
58.940625
58.927734
58.914844
58.901953
58.889063
58.876172
58.863281
58.850391
58.837500
58.824609
58.811719
58.798828
58.785938
58.773047
58.760156
58.747266
58.734375
58.721484
58.708594
58.695703
58.682813
58.669922
58.657031
58.644141
58.631250
58.618359
58.605469
58.592578
58.579687
58.566797
58.553906
58.541016
58.528125
58.515234
58.502344
58.489453
58.476562
58.463672
58.450781
58.437891
58.425000
58.412109
58.399219
58.386328
58.373438
58.360547
58.347656
58.334766
58.321875
58.308984
58.296094
58.283203
58.270313
58.257422
58.244531
58.231641
58.218750
58.205859
58.192969
58.180078
58.167188
58.154297
58.141406
58.128516
58.115625
58.102734
58.089844
58.076953
58.064062
58.051172
58.038281
58.025391
58.012500
57.999609
57.986719
57.973828
57.960938
57.948047
57.935156
57.922266
57.909375
57.896484
57.883594
57.870703
57.857813
57.844922
57.832031
57.819141
57.806250
57.793359
57.780469
57.767578
57.754688
57.741797
57.728906
57.716016
57.703125
57.690234
57.677344
57.664453
57.651563
57.638672
57.625781
57.612891
57.600000
57.594485
57.588971
57.583456
57.577941
57.572426
57.566912
57.561397
57.555882
57.550368
57.544853
57.539338
57.533824
57.528309
57.522794
57.517279
57.511765
57.506250
57.500735
57.495221
57.489706
57.484191
57.478676
57.473162
57.467647
57.462132
57.456618
57.451103
57.445588
57.440074
57.434559
57.429044
57.423529
57.418015
57.412500
57.406985
57.401471
57.395956
57.390441
57.384926
57.379412
57.373897
57.368382
57.362868
57.357353
57.351838
57.346324
57.340809
57.335294
57.329779
57.324265
57.318750
57.313235
57.307721
57.302206
57.296691
57.291176
57.285662
57.280147
57.274632
57.269118
57.263603
57.258088
57.252574
57.247059
57.241544
57.236029
57.230515
57.225000
57.219485
57.213971
57.208456
57.202941
57.197426
57.191912
57.186397
57.180882
57.175368
57.169853
57.164338
57.158824
57.153309
57.147794
57.142279
57.136765
57.131250
57.125735
57.120221
57.114706
57.109191
57.103676
57.098162
57.092647
57.087132
57.081618
57.076103
57.070588
57.065074
57.059559
57.054044
57.048529
57.043015
57.037500
57.031985
57.026471
57.020956
57.015441
57.009926
57.004412
56.998897
56.993382
56.987868
56.982353
56.976838
56.971324
56.965809
56.960294
56.954779
56.949265
56.943750
56.938235
56.932721
56.927206
56.921691
56.916176
56.910662
56.905147
56.899632
56.894118
56.888603
56.883088
56.877574
56.872059
56.866544
56.861029
56.855515
56.850000
56.844485
56.838971
56.833456
56.827941
56.822426
56.816912
56.811397
56.805882
56.800368
56.794853
56.789338
56.783824
56.778309
56.772794
56.767279
56.761765
56.756250
56.750735
56.745221
56.739706
56.734191
56.728676
56.723162
56.717647
56.712132
56.706618
56.701103
56.695588
56.690074
56.684559
56.679044
56.673529
56.668015
56.662500
56.656985
56.651471
56.645956
56.640441
56.634926
56.629412
56.623897
56.618382
56.612868
56.607353
56.601838
56.596324
56.590809
56.585294
56.579779
56.574265
56.568750
56.563235
56.557721
56.552206
56.546691
56.541176
56.535662
56.530147
56.524632
56.519118
56.513603
56.508088
56.502574
56.497059
56.491544
56.486029
56.480515
56.475000
56.469485
56.463971
56.458456
56.452941
56.447426
56.441912
56.436397
56.430882
56.425368
56.419853
56.414338
56.408824
56.403309
56.397794
56.407572
56.412981
56.418389
56.423798
56.429207
56.434615
56.440024
56.445433
56.450841
56.456250
56.461659
56.467067
56.472476
56.477885
56.483293
56.488702
56.494111
56.499519
56.504928
56.510337
56.515745
56.521154
56.526562
56.531971
56.537380
56.542788
56.548197
56.553606
56.559014
56.564423
56.569832
56.575240
56.580649
56.586058
56.591466
56.596875
56.602284
56.607692
56.613101
56.618510
56.623918
56.629327
56.634736
56.640144
56.645553
56.650962
56.656370
56.661779
56.667187
56.672596
56.678005
56.683413
56.688822
56.694231
56.699639
56.705048
56.710457
56.715865
56.721274
56.726683
56.732091
56.737500
56.742909
56.748317
56.753726
56.759135
56.764543
56.769952
56.775361
56.780769
56.786178
56.791587
56.796995
56.802404
56.807812
56.813221
56.818630
56.824038
56.829447
56.834856
56.840264
56.845673
56.851082
56.856490
56.861899
56.867308
56.872716
56.878125
56.883534
56.888942
56.894351
56.899760
56.905168
56.910577
56.915986
56.921394
56.926803
56.932212
56.937620
56.943029
56.948437
56.953846
56.959255
56.964663
56.970072
56.975481
56.980889
56.986298
56.991707
56.997115
57.002524
57.007933
57.013341
57.018750
57.024159
57.029567
57.034976
57.040385
57.045793
57.051202
57.056611
57.062019
57.067428
57.072837
57.078245
57.083654
57.089062
57.094471
57.099880
57.105288
57.110697
57.116106
57.121514
57.126923
57.132332
57.137740
57.143149
57.148558
57.153966
57.159375
57.164784
57.170192
57.175601
57.181010
57.186418
57.191827
57.197236
57.202644
57.208053
57.213462
57.218870
57.224279
57.229687
57.235096
57.240505
57.245913
57.251322
57.256731
57.262139
57.267548
57.272957
57.278365
57.283774
57.289183
57.294591
57.300000
57.321094
57.342188
57.363281
57.384375
57.405469
57.426563
57.447656
57.468750
57.489844
57.510937
57.532031
57.553125
57.574219
57.595312
57.616406
57.637500
57.658594
57.679688
57.700781
57.721875
57.742969
57.764063
57.785156
57.806250
57.827344
57.848438
57.869531
57.890625
57.911719
57.932812
57.953906
57.975000
57.996094
58.017187
58.038281
58.059375
58.080469
58.101562
58.122656
58.143750
58.164844
58.185938
58.207031
58.228125
58.249219
58.270313
58.291406
58.312500
58.333594
58.354687
58.375781
58.396875
58.417969
58.439062
58.460156
58.481250
58.502344
58.523438
58.544531
58.565625
58.586719
58.607813
58.628906
58.650000
58.671094
58.692188
58.713281
58.734375
58.755469
58.776562
58.797656
58.818750
58.839844
58.860937
58.882031
58.903125
58.924219
58.945312
58.966406
58.987500
59.008594
59.029688
59.050781
59.071875
59.092969
59.114063
59.135156
59.156250
59.177344
59.198437
59.219531
59.240625
59.261719
59.282812
59.303906
59.325000
59.346094
59.367188
59.388281
59.409375
59.430469
59.451563
59.472656
59.493750
59.514844
59.535938
59.557031
59.578125
59.599219
59.620312
59.641406
59.662500
59.683594
59.704687
59.725781
59.746875
59.767969
59.789062
59.810156
59.831250
59.852344
59.873438
59.894531
59.915625
59.936719
59.957813
59.978906
60.000000
60.031250
60.062500
60.093750
60.125000
60.156250
60.187500
60.218750
60.250000
60.281250
60.312500
60.343750
60.375000
60.406250
60.437500
60.468750
60.500000
60.531250
60.562500
60.593750
60.625000
60.656250
60.687500
60.718750
60.750000
60.781250
60.812500
60.843750
60.875000
60.906250
60.937500
60.968750
61.000000
61.031250
61.062500
61.093750
61.125000
61.156250
61.187500
61.218750
61.250000
61.281250
61.312500
61.343750
61.375000
61.406250
61.437500
61.468750
61.500000
61.531250
61.562500
61.593750
61.625000
61.656250
61.687500
61.718750
61.750000
61.781250
61.812500
61.843750
61.875000
61.906250
61.937500
61.968750
62.000000
62.031250
62.062500
62.093750
62.125000
62.156250
62.187500
62.218750
62.250000
62.281250
62.312500
62.343750
62.375000
62.406250
62.437500
62.468750
62.500000
62.531250
62.562500
62.593750
62.625000
62.656250
62.687500
62.718750
62.750000
62.781250
62.812500
62.843750
62.875000
62.906250
62.937500
62.968750
63.000000
63.031250
63.062500
63.093750
63.125000
63.156250
63.187500
63.218750
63.182143
63.170982
63.159821
63.148661
63.137500
63.126339
63.115179
63.104018
63.092857
63.081696
63.070536
63.059375
63.048214
63.037054
63.025893
63.014732
63.003571
62.992411
62.981250
62.970089
62.958929
62.947768
62.936607
62.925446
62.914286
62.903125
62.891964
62.880804
62.869643
62.858482
62.847321
62.836161
62.825000
62.813839
62.802679
62.791518
62.780357
62.769196
62.758036
62.746875
62.735714
62.724554
62.713393
62.702232
62.691071
62.679911
62.668750
62.657589
62.646429
62.635268
62.624107
62.612946
62.601786
62.590625
62.579464
62.568304
62.557143
62.545982
62.534821
62.523661
62.512500
62.501339
62.490179
62.479018
62.467857
62.456696
62.445536
62.434375
62.423214
62.412054
62.400893
62.389732
62.378571
62.367411
62.356250
62.345089
62.333929
62.322768
62.311607
62.300446
62.289286
62.278125
62.266964
62.255804
62.244643
62.233482
62.222321
62.211161
62.200000
62.165625
62.131250
62.096875
62.062500
62.028125
61.993750
61.959375
61.925000
61.890625
61.856250
61.821875
61.787500
61.753125
61.718750
61.684375
61.650000
61.615625
61.581250
61.546875
61.512500
61.478125
61.443750
61.409375
61.375000
61.340625
61.306250
61.271875
61.237500
61.203125
61.168750
61.134375
61.100000
61.065625
61.031250
60.996875
60.962500
60.928125
60.893750
60.859375
60.825000
60.790625
60.756250
60.721875
60.687500
60.653125
60.618750
60.584375
60.550000
60.515625
60.481250
60.446875
60.412500
60.378125
60.343750
60.309375
60.275000
60.240625
60.206250
60.171875
60.137500
60.103125
60.068750
60.034375
60.000000
59.998047
59.996094
59.994141
59.992188
59.990234
59.988281
59.986328
59.984375
59.982422
59.980469
59.978516
59.976562
59.974609
59.972656
59.970703
59.968750
59.966797
59.964844
59.962891
59.960938
59.958984
59.957031
59.955078
59.953125
59.951172
59.949219
59.947266
59.945312
59.943359
59.941406
59.939453
59.937500
59.935547
59.933594
59.931641
59.929688
59.927734
59.925781
59.923828
59.921875
59.919922
59.917969
59.916016
59.914062
59.912109
59.910156
59.908203
59.906250
59.904297
59.902344
59.900391
59.898438
59.937224
59.957904
59.978585
59.999265
60.019945
60.040625
60.061305
60.081985
60.102665
60.123346
60.144026
60.164706
60.185386
60.206066
60.226746
60.247426
60.268107
60.288787
60.309467
60.330147
60.350827
60.371507
60.392187
60.412868
60.433548
60.454228
60.474908
60.495588
60.516268
60.536949
60.557629
60.578309
60.598989
60.619669
60.640349
60.661029
60.681710
60.702390
60.723070
60.743750
60.764430
60.785110
60.805790
60.850000
60.889063
60.928125
60.967188
61.006250
61.045313
61.084375
61.123438
61.162500
61.201563
61.240625
61.279688
61.318750
61.357813
61.396875
61.435938
61.475000
61.514063
61.553125
61.592188
61.631250
61.670313
61.709375
61.748438
61.787500
61.826563
61.865625
61.904688
61.943750
61.982813
62.021875
62.060938
62.100000
62.154688
62.209375
62.264063
62.318750
62.373438
62.428125
62.482813
62.537500
62.592188
62.646875
62.701563
62.756250
62.810938
62.865625
62.920313
62.975000
63.029688
63.084375
63.139063
63.193750
63.248438
63.303125
63.357813
63.412500
63.467188
63.521875
63.622243
63.709559
63.796875
63.884191
63.971507
64.058824
64.146140
64.233456
64.320772
64.408088
64.495404
64.582721
64.670037
64.757353
64.844669
64.931985
65.019301
65.106618
65.193934
65.281250
65.368566
65.455882
65.606971
65.733173
65.859375
65.985577
66.111779
66.237981
66.364183
66.490385
66.616587
66.742788
66.868990
66.995192
67.121394
67.247596
67.373798
67.500000
67.687500
67.875000
68.062500
68.250000
68.437500
68.625000
68.812500
69.000000
69.187500
69.375000
69.562500
69.750000
69.937500
70.204688
70.458594
70.712500
70.966406
71.220313
71.474219
71.728125
71.982031
72.235938
72.489844
72.743750
73.178125
73.524107
73.870089
74.216071
74.562054
74.908036
75.254018
75.600000
76.084375
76.568750
77.053125
77.537500
78.021875
78.506250
78.990625
79.762500
80.426562
81.090625
81.754687
82.418750
83.392279
84.265441
85.138603
86.011765
87.289663
88.521635
89.753606
90.985577
92.953125
94.593750
96.992279
99.244118
100.472222
101.761905
103.051587
104.341270
105.630952
106.920635
108.210317
109.500000
